vertex_name,position_x,position_y
1,0.3264,0.4474
2,-0.5059,-0.2902
3,-0.1249,0.2345
4,-0.1339,-0.5327
5,0.317,0.1162
6,-0.1431,-0.3628
7,-0.4776,-0.07201
8,-0.7785,0.3749
9,-0.01248,0.3009
10,0.3208,0.1104
11,-0.3867,-0.582
12,-0.2076,-0.3612
13,-0.006754,0.2338
14,0.01388,-0.2459
15,0.1149,-0.07896
16,0.5413,-0.04084
17,-0.2277,-0.521
18,0.1706,0.1058
19,-0.2386,-0.02527
20,-0.2631,0.342
21,-0.3299,-0.03164
22,0.2335,-0.4597
23,0.0881,-1.042
24,0.1855,-0.3419
25,-0.7116,0.4114
26,-0.4812,-0.7683
27,-0.3291,-0.3413
28,0.2006,0.05323
29,0.4088,-0.2536
30,0.9484,0.0716
31,-0.2713,0.4282
32,-0.1066,0.179
33,-0.2115,1.037
34,-0.3504,0.3011
35,-0.393,-0.4126
36,-0.6389,-0.294
37,0.1535,0.6002
38,-0.1213,0.07106
39,-0.1722,-0.329
40,-0.2844,-0.7236
41,-0.2346,-0.3187
42,-0.03382,-0.1602
43,-0.05971,-0.2445
44,-0.9544,0.0904
45,-0.1784,-0.2884
46,-0.09185,-0.3787
47,-0.4388,0.05838
48,0.2407,0.3847
49,0.1055,-0.2963
50,-0.2138,-0.7342
51,-0.05763,-0.08127
52,-0.2194,-0.1034
53,-0.06662,-0.6052
54,-0.4222,0.2772
55,0.2015,-0.1336
56,0.2625,-0.4307
57,-0.3614,-0.7775
58,0.3671,-0.4103
59,1.121,0.1755
60,-0.6261,-0.1631
61,0.03078,0.1646
62,0.02205,-0.9739
63,-0.1563,-0.2479
64,0.2337,-0.3712
65,0.06626,-0.5988
66,-0.04375,-0.3577
67,-0.3342,-0.0737
68,0.4594,0.2161
69,-0.5856,-0.005665
70,0.1474,-0.08339
71,0.1059,0.1096
72,0.214,-0.03807
73,-0.2965,-0.1317
74,-0.2211,-0.02094
75,-0.003634,-0.2134
76,-0.02762,-0.8664
77,-0.5296,-0.2965
78,-0.06996,0.05249
79,-0.01917,-0.3838
80,0.47,-0.1482
81,0.7767,0.332
82,-0.1582,0.04663
83,0.03814,0.06751
84,0.2669,-0.05545
85,-0.2328,0.4831
86,-0.008771,-0.3274
87,-0.7164,-0.4391
88,0.4066,-0.2124
89,0.2292,-0.2427
90,0.01797,0.07285
91,0.3116,0.0699
92,0.08661,-0.4136
93,-0.281,-0.1687
94,0.1211,0.02
95,0.1141,-0.2525
96,0.2919,-0.4577
97,0.1325,-0.08822
98,-0.2569,-0.1976
99,0.0114,-0.3739
100,0.2962,-0.2304
101,-0.7426,-0.1119
102,0.2346,-0.476
103,-0.2891,0.1301
104,0.3833,0.5885
105,-0.1664,0.2023
106,0.1907,0.2417
107,0.4374,-0.4349
108,0.7218,-0.436
109,-0.8634,-0.8645
110,0.1254,0.3041
111,0.1364,0.1966
112,0.1505,-0.1296
113,-0.4278,-0.2429
114,-0.3565,-0.07228
115,0.2193,0.04037
116,-0.3091,0.6524
117,0.3575,-0.4965
118,0.08985,-0.5007
119,-0.4152,-0.636
120,-0.5396,-0.2978
121,0.2882,-0.4013
122,-0.08601,0.2362
123,0.3415,-0.2963
124,0.4624,-0.5262
125,0.163,-0.6408
126,0.1239,-0.6049
127,-0.2444,-0.2269
128,-0.0715,-0.6745
129,-0.03057,-0.6211
130,-0.06606,0.5487
131,-0.1516,-0.3432
132,-0.5557,-0.01608
133,0.03869,0.3385
134,-0.4357,-0.2544
135,-1.101,-0.2482
136,-0.1733,-0.5034
137,-0.2955,0.3961
138,-0.2517,-0.1315
139,-0.116,0.04424
140,-0.4028,0.05912
141,-0.01828,0.3473
142,0.3657,-0.6157
143,-0.3217,0.0981
144,-0.872,-0.3257
145,-0.1719,0.08271
146,-0.02441,0.3211
147,0.5675,0.8338
148,0.002131,-0.3692
149,-0.591,0.2214
150,-0.2306,0.2765
151,-0.5413,0.5526
152,-0.9193,0.5818
153,-0.7397,0.5865
154,-0.3637,0.2778
155,-0.6662,0.0864
156,-0.7471,0.3689
157,0.5316,-0.8331
158,-0.2656,-0.05382
159,-0.1514,-0.5879
160,-0.2569,-0.5255
161,0.5477,-0.2447
162,-0.2815,0.568
163,-0.7923,0.6076
164,-0.7839,0.1603
165,-0.561,-0.4007
166,-0.1576,-0.6533
167,-0.1084,-0.001889
168,-0.04653,-0.2008
169,0.7529,-0.1972
170,-0.09402,-0.5368
171,0.359,-0.4123
172,-0.03712,-0.781
173,0.07073,-0.1348
174,-0.1549,-0.08409
175,-0.113,-0.361
176,-0.1685,-0.06653
177,-0.3957,0.1308
178,-0.1702,-0.2915
179,0.02166,-0.005919
180,0.472,0.3789
181,-0.5806,0.7304
182,0.2641,-0.5361
183,-0.02057,0.04463
184,-0.08808,-0.8102
185,-0.6605,0.3764
186,-0.3213,-0.2081
187,-0.03493,-0.08147
188,0.09104,0.07653
189,0.1353,0.6804
190,-0.6371,0.3343
191,-0.3214,-0.1879
192,0.002286,-0.4599
193,0.1878,-0.04244
194,-0.1597,0.05512
195,0.1657,-0.108
196,0.3745,-0.2639
197,-0.1202,-0.06129
198,0.5633,0.2862
199,-0.9567,0.1247
200,-0.2314,0.1481
201,0.03787,-0.1238
202,-0.694,-0.2918
203,0.1165,-0.7716
204,0.289,0.4766
205,-0.0829,0.3034
206,-0.08317,-0.236
207,0.3331,-0.2909
208,0.4386,-0.00228
209,-0.3742,-0.407
210,0.5649,-0.1881
211,0.1573,-0.01546
212,0.009876,0.09268
213,-0.7014,0.6262
214,-0.002958,0.2559
215,-0.4661,-0.1813
216,-0.4484,-0.6363
217,-0.279,-0.05103
218,-0.5447,-0.2237
219,-0.3961,-0.8733
220,0.2626,0.1198
221,-0.4574,0.3997
222,-0.01571,-0.3989
223,0.3794,0.1884
224,0.177,-0.4024
225,0.4092,0.1511
226,0.1124,-0.1055
227,0.3062,-0.2784
228,-0.4953,-0.3768
229,-0.008817,-0.2885
230,0.02171,-0.2571
231,0.08716,-0.07557
232,0.4057,-0.1392
233,-0.3093,-0.3276
234,0.9693,0.09973
235,0.9619,0.1872
236,0.3911,-0.03463
237,-0.5414,0.6117
238,-0.1023,-0.08299
239,0.2853,-0.05636
240,-0.5538,-0.1242
241,-0.04606,0.1477
242,0.1323,-0.8
243,0.516,0.1099
244,-0.8607,0.3199
245,0.3254,-0.7118
246,-0.2443,0.2248
247,0.1925,-0.3514
248,0.5817,0.75
249,0.2031,-0.1542
250,-0.357,-0.7793
251,-0.1171,-0.3989
252,0.04778,-0.3147
253,0.4126,0.01035
254,0.0712,0.2482
255,0.2411,-0.1409
256,0.1551,-0.2204
257,-0.2711,-0.2253
258,0.6732,-0.1754
259,0.08182,0.01103
260,-0.2167,-0.2884
261,0.3896,-0.3633
262,-0.6292,-0.0991
263,0.09099,-0.04304
264,-0.2136,-0.2623
265,-0.7713,-0.4927
266,-0.2975,-0.002608
267,0.1543,-0.1939
268,-0.03963,-0.8253
269,-0.3359,0.158
270,0.1383,0.07575
271,-0.03854,0.07488
272,0.05337,0.159
273,0.2918,0.09621
274,-1.017,0.1141
275,-0.08161,0.07517
276,0.3599,-0.7733
277,-0.3834,-0.2304
278,-0.1832,0.6863
279,-0.02666,-0.6429
280,-0.2356,-0.1631
281,-0.3469,-0.252
282,0.2839,0.4396
283,-0.195,-0.1656
284,-0.01228,-0.379
285,0.6099,-0.9223
286,-0.005691,-0.03592
287,0.05754,-0.3121
288,-0.2422,-0.2159
289,-0.03076,0.148
290,-0.04702,-0.1163
291,-0.0541,-0.3406
292,0.5249,0.08691
293,1.063,-0.07562
294,0.3532,-0.1588
295,-0.3598,-0.4529
296,0.1322,-0.3688
297,-0.366,-0.3396
298,0.6006,-0.01884
299,-0.2468,0.4149
300,-0.1604,0.07717
301,0.004743,0.6155
302,-0.09771,-0.7897
303,0.2513,-0.4699
304,0.5078,-0.9513
305,-0.01207,-0.7645
306,-0.1333,-0.5122
307,-0.1204,-0.1579
308,-0.7223,0.1695
309,-0.08838,-0.1612
310,-1.085,0.1512
311,0.2665,-0.4689
312,-1.014,0.1128
313,0.4551,0.121
314,0.2147,-0.2923
315,0.166,-0.9024
316,-0.008956,-0.2393
317,0.2254,-0.5134
318,0.4847,-0.1204
319,-0.2876,-0.2099
320,-0.2021,-0.01735
321,-0.4441,0.4934
322,-0.04382,-0.00967
323,-0.3491,0.1836
324,-0.1711,-0.05714
325,-0.1453,-0.4818
326,-0.1749,0.6724
327,-0.1812,-0.4152
328,-0.1377,-0.1426
329,0.1802,-0.8874
330,0.09961,0.1464
331,0.7556,-0.3277
332,-0.08555,-0.1144
333,-0.5441,-0.07749
334,0.4174,0.03182
335,0.03905,0.2202
336,0.05557,-0.00619
337,-0.663,0.7298
338,-0.1824,0.1631
339,0.255,-0.02385
340,0.5846,0.2958
341,-0.728,0.1032
342,-0.5107,-0.1287
343,0.2013,0.1121
344,0.02674,-0.02856
345,-0.7131,-0.1915
346,-0.07179,0.4235
347,0.09494,-0.3501
348,0.09895,-0.2075
349,0.2974,-0.04152
350,-0.2011,0.3067
351,0.3427,-0.02288
352,-0.3495,-0.1066
353,-0.3018,0.08257
354,0.1669,-0.2311
355,-0.7411,-0.3105
356,-0.4886,-0.3188
357,0.2047,-0.3629
358,-0.1087,0.3521
359,0.3275,-0.9505
360,-0.4924,-0.06268
361,0.3531,-0.09449
362,-0.5742,-0.08891
363,0.1774,-0.2591
364,1.28,-0.08221
365,0.09268,0.1902
366,-0.4135,-0.5629
367,-0.3039,-0.7543
368,0.06955,0.6038
369,-0.007377,0.08348
370,0.03436,-0.1429
371,0.5214,0.1583
372,-0.2146,-0.1288
373,0.7672,0.2467
374,-0.253,-0.2652
375,0.4612,0.2189
376,-0.1981,0.09186
377,-0.4725,0.2707
378,0.8833,-0.8612
379,0.1266,0.1996
380,0.4293,-0.4358
381,0.3749,-0.05206
382,0.1969,-0.154
383,0.1241,-0.153
384,-0.3642,0.2431
385,-0.3619,0.1753
386,0.4741,0.1503
387,0.9912,-0.1351
388,-0.6357,-0.00744
389,-0.5138,-0.4276
390,-0.1385,-0.582
391,0.4012,0.09534
392,0.5422,-0.4771
393,-0.07385,-0.3058
394,-0.3331,0.3369
395,0.6639,0.207
396,-0.6899,-0.1757
397,-0.9526,-0.87
398,0.2726,0.189
399,0.0862,-0.2279
400,-0.4784,0.09789
401,0.7347,-0.9585
402,0.2275,-0.1607
403,-0.2764,-0.1178
404,0.07206,0.7731
405,-0.534,-0.8002
406,0.4206,-0.7221
407,0.3616,-0.1615
408,0.2379,-0.6183
409,-0.4979,-0.7567
410,-0.2177,-0.2785
411,-0.4565,-0.1333
412,-0.08115,0.4777
413,0.3301,-0.3214
414,0.1995,0.192
415,-0.05771,-0.4988
416,0.2886,-0.001166
417,0.3319,-0.4826
418,-0.7666,-0.2132
419,-0.01644,0.02789
420,-0.4532,-0.7558
421,0.4749,-0.259
422,0.4025,0.06822
423,0.1576,-0.07542
424,0.2351,-0.181
425,0.8411,-0.09677
426,-0.2588,-0.4026
427,-0.2338,-0.2844
428,-0.7987,0.445
429,-0.6197,-0.1363
430,-0.2428,-0.04657
431,-0.03751,0.1784
432,0.2892,-0.8062
433,-0.1044,-0.3404
434,-0.4456,-0.6468
435,-0.3556,-0.6397
436,-0.1404,-0.1188
437,-0.5325,-0.4974
438,-0.3382,-0.4553
439,-0.3441,0.2398
440,0.06207,-0.148
441,-0.6322,0.06614
442,0.4789,0.1086
443,1.442,-0.2769
444,-0.3729,0.008168
445,-0.03386,-0.2735
446,0.4889,-0.2664
447,0.605,-0.4085
448,0.4925,0.07742
449,0.4183,0.09751
450,-0.059,0.05073
451,0.1794,-0.08259
452,0.04042,-0.4029
453,-0.02141,0.4325
454,0.4166,-0.1536
455,0.5404,0.04346
456,0.5186,-0.3516
457,0.6222,-0.4543
458,0.9929,0.14
459,0.9799,-0.4949
460,-0.5782,0.7332
461,0.4195,-0.1094
462,-0.3197,0.3125
463,-0.418,-0.2914
464,-0.7974,-0.1508
465,-0.3187,0.002429
466,0.04287,-0.1076
467,0.221,0.2802
468,-0.2245,-0.3915
469,0.09801,-0.1583
470,0.4813,-0.6606
471,-0.02111,0.1675
472,0.2838,-0.2758
473,-0.443,-0.2945
474,-0.452,-0.5695
475,-0.07073,0.1518
476,-0.4233,-0.7262
477,-0.2615,0.08787
478,-0.1564,-0.3051
479,-0.5592,-0.2165
480,0.05428,0.2548
481,-0.1306,-0.1508
482,0.07239,0.1378
483,-0.6974,-0.5637
484,-0.06534,-0.1787
485,0.1019,-0.7992
486,0.3871,0.07626
487,-0.1879,-0.04136
488,-0.5196,-0.2687
489,-0.6279,0.002286
490,0.1821,-0.282
491,0.2897,-0.0211
492,-0.06988,-0.5625
493,0.1316,0.2337
494,-0.856,0.237
495,-0.22,0.234
496,-0.4187,0.5338
497,-0.2953,0.3757
498,-0.2975,-0.1559
499,-0.5278,0.2388
500,0.006689,0.04917
501,0.1476,-0.3861
502,-0.4061,-0.5016
503,0.05886,-1.181
504,-0.5413,-0.01361
505,-0.3414,-0.151
506,0.3442,0.2966
507,0.1781,-0.03261
508,-0.04419,-0.08002
509,0.4404,-0.06294
510,0.5076,-1.206
511,-0.9125,0.4755
512,0.3433,-0.005816
513,-0.4117,-0.5785
514,0.4268,0.119
515,-0.04781,-0.5637
516,-0.5404,-0.2342
517,-0.2578,-0.4948
518,0.08854,0.08273
519,0.3528,0.3063
520,0.3312,0.5362
521,-0.4866,-0.1108
522,0.3352,-0.64
523,0.06098,-0.2804
524,0.1684,-0.369
525,-0.2667,-0.1327
526,-0.01031,-0.341
527,-0.3956,-0.8026
528,-0.1403,-0.2079
529,-0.5864,-0.1726
530,0.7996,0.6221
531,-0.3977,-0.471
532,0.1222,0.01226
533,-0.0003588,0.9058
534,0.1673,-0.1702
535,-0.3512,-0.317
536,-0.2897,0.2629
537,-0.6422,0.4669
538,-0.528,0.497
539,-0.6263,0.4056
540,-1.002,-0.2362
541,0.2187,-0.1843
542,0.07141,-0.774
543,-0.5471,-0.4141
544,0.3033,0.3274
545,-0.2862,-0.988
546,0.1794,-0.2846
547,-0.245,0.1788
548,-0.3038,-0.5195
549,0.1527,-0.3613
550,0.2146,-1.101
551,0.01138,0.3439
552,0.3075,-0.3052
553,0.5748,-0.8747
554,0.03396,0.1252
555,0.1204,0.003
556,0.1168,-0.04678
557,0.4841,-0.8783
558,0.01006,-0.1068
559,0.6835,0.1954
560,-0.3202,-0.3761
561,-0.4122,-0.2152
562,-0.3054,-0.08285
563,-0.2568,0.2742
564,-0.8448,0.6642
565,0.2358,-0.4687
566,0.1019,0.2761
567,0.03563,-0.3561
568,0.1881,-0.05168
569,0.122,-0.1451
570,-0.1678,0.2381
571,-0.23,0.1866
572,0.09134,0.3158
573,-0.04922,-0.1743
574,0.2764,-0.2622
575,0.444,0.4396
576,-0.04544,-0.1065
577,-1.099,0.5633
578,-0.55,0.015
579,0.7384,-0.3065
580,-0.394,-0.8101
581,0.2022,0.7328
582,-0.0515,-0.4028
583,0.02097,0.01895
584,-0.2189,0.4067
585,0.5323,-0.3237
586,0.3326,0.01943
587,0.4807,0.5258
588,0.4585,0.4489
589,0.3854,0.5117
590,-0.5789,0.6601
591,0.4887,0.024
592,-0.1577,0.01619
593,-0.07434,-0.7183
594,-0.1212,-0.5557
595,-0.1498,0.1713
596,0.06735,-0.3038
597,0.1725,-0.8706
598,-0.0838,0.1572
599,0.4413,0.04695
600,-0.08484,-0.5102
601,-0.1821,-0.06008
602,-0.3617,-0.08357
603,-0.1278,-0.4909
604,-0.1526,0.2656
605,-0.07719,0.1234
606,-0.6947,0.4972
607,-0.535,-0.1764
608,-0.9055,0.5338
609,-0.8869,0.5584
610,0.5768,-0.04154
611,-0.1357,0.02159
612,-0.3442,0.3402
613,0.04702,0.003601
614,-0.01427,-0.06189
615,-0.2334,-0.4105
616,-0.004043,-0.3973
617,0.5564,-1.054
618,-0.8113,-0.3128
619,-0.4092,-0.4999
620,-1.191,-0.3218
621,-0.01423,-0.3867
622,-0.03346,-0.229
623,-0.2501,0.4262
624,-0.7832,0.1981
625,-0.8226,0.04558
626,0.2803,-0.4629
627,0.3119,0.4293
628,0.3327,-0.3919
629,0.3223,-0.2212
630,0.08886,-0.349
631,-0.08735,-0.2308
632,0.1282,0.005677
633,0.4134,-0.02851
634,0.2342,0.2119
635,-0.3856,-0.4656
636,0.4831,-0.6266
637,0.1971,-0.01094
638,0.1759,0.3023
639,-0.2473,-0.2227
640,0.1824,-0.1014
641,-0.393,-0.4244
642,0.8152,0.111
643,0.6145,0.1013
644,0.2207,-0.3182
645,0.07196,0.09605
646,0.07561,-0.09483
647,0.3179,0.2321
648,-0.4246,-0.4258
649,0.2046,-0.02354
650,-0.4156,-0.1454
651,-0.2628,0.2819
652,-0.348,0.232
653,0.6628,-0.103
654,-0.02773,0.2471
655,0.05618,0.4905
656,0.2759,0.2484
657,-0.08338,0.03037
658,-0.7318,0.1321
659,0.2718,0.8252
660,-0.7491,-0.4792
661,0.4474,0.6996
662,0.4779,-0.8502
663,-0.08799,-0.516
664,-0.5262,-0.1265
665,0.4021,-0.01912
666,0.1731,0.2149
667,0.07153,-0.6476
668,0.03063,0.3625
669,0.0177,0.7341
670,0.2166,0.1012
671,-0.0846,-0.1363
672,-0.6797,-1.013
673,0.5045,-0.06706
674,-0.1615,0.1566
675,0.08406,0.1582
676,0.2991,-0.251
677,0.01695,0.4347
678,0.3516,-0.1138
679,-0.06794,-0.2228
680,-0.5325,-0.7973
681,0.2906,0.7186
682,0.02887,-0.08861
683,-0.4052,0.5704
684,-0.2858,0.4864
685,0.8314,0.1078
686,-0.3635,0.3665
687,0.1555,0.3509
688,-0.3778,0.1206
689,-0.5898,-0.5269
690,0.4853,-0.09143
691,0.05221,0.1674
692,-0.001836,0.5264
693,-0.09143,0.1862
694,-0.5873,0.6824
695,0.2949,-0.09673
696,0.1624,0.1023
697,-0.3536,-0.5429
698,-0.1412,-0.3893
699,-0.2872,-0.554
700,-0.356,0.3592
701,-0.3885,-0.8241
702,0.1477,-0.3107
703,-0.1705,0.05124
704,-0.5346,-0.374
705,-0.005921,0.09867
706,-0.7355,0.1431
707,-0.3489,0.1483
708,-0.5967,0.8089
709,-0.3673,0.1026
710,0.2402,-0.856
711,-0.2401,0.03736
712,-0.9988,0.07755
713,0.7437,-0.03235
714,-0.5133,-0.3946
715,0.01244,0.002632
716,-0.5836,-0.1507
717,-0.1638,0.03788
718,0.287,-0.2916
719,-0.2756,-0.4539
720,0.5045,-0.1448
721,-0.3521,-0.7563
722,0.2268,0.03375
723,-0.1245,-0.2336
724,-0.1216,0.5873
725,-0.5468,-0.2476
726,-0.2665,0.5022
727,-0.1325,-0.6658
728,-0.6199,0.03401
729,0.00159,0.3232
730,0.6973,0.2927
731,-0.9686,-0.1986
732,-0.3884,-0.2267
733,-0.1521,0.3557
734,-0.07228,-0.8174
735,-0.7331,-0.5068
736,-0.4222,0.2321
737,-0.2991,0.1349
738,0.1835,-0.9622
739,-0.1242,0.6858
740,-0.2562,-0.58
741,0.1048,-0.2458
742,-0.3731,0.07563
743,-0.8283,0.4989
744,-0.6178,0.2521
745,0.0002079,0.4025
746,-0.5611,0.4279
747,-0.4588,0.5415
748,0.09593,-0.506
749,0.09479,-0.01406
750,-0.243,0.0487
751,0.804,0.2884
752,-0.07624,-0.646
753,-0.4032,-0.6597
754,0.06376,-0.02341
755,-0.09297,0.07409
756,0.1603,0.4503
757,0.5968,0.8743
758,-0.1659,0.325
759,-0.02334,-0.4513
760,-0.3024,-0.1436
761,-0.2847,0.4165
762,0.07625,-0.0264
763,-0.6762,-0.126
764,-0.6373,0.4967
765,0.7521,0.3292
766,0.06708,0.362
767,-0.1345,0.3867
768,0.05604,-0.5243
769,0.006829,-1.116
770,-0.1554,-0.09907
771,0.2868,0.6827
772,-0.4149,-0.1777
773,0.05023,0.2762
774,-0.09815,0.04546
775,0.4117,0.4328
776,0.03124,-0.08472
777,-0.1644,-0.3422
778,-0.1638,-0.3773
779,0.1581,-0.05863
780,8.121e-05,-0.5365
781,0.1419,-0.05299
782,-0.1537,0.3794
783,0.215,-0.08122
784,-0.822,0.4121
785,0.2988,-0.3912
786,0.3415,-0.0705
787,0.4383,0.19
788,0.296,0.1442
789,0.2361,-0.3428
790,0.6838,0.2084
791,-0.2274,-0.4638
792,0.5103,-0.7669
793,-0.0829,0.3034
794,-0.4949,-0.2228
795,0.01881,-0.09242
796,0.2936,0.6901
797,0.07941,-0.0584
798,0.2301,-0.09952
799,-0.2002,-0.5809
800,-0.8866,-0.6008
801,0.0697,-0.2598
802,0.3788,-0.1062
803,0.1979,-0.8298
804,-0.2318,0.02221
805,-0.713,-0.004729
806,-0.1129,-0.07796
807,-0.3767,-0.3375
808,0.8062,0.4704
809,0.2565,0.08677
810,-0.2724,-0.5058
811,0.2985,-0.1739
812,-0.05459,-0.1316
813,-0.2163,0.4059
814,0.7752,0.2152
815,-0.4393,0.3909
816,-0.2639,-0.1559
817,0.2226,-0.9855
818,-0.08135,-0.0511
819,-0.3299,-0.1267
820,-0.2016,-0.1899
821,-0.5483,0.5084
822,0.2501,-0.01104
823,0.09174,0.1602
824,-0.4596,0.004934
825,0.2001,0.05992
826,-0.1323,0.01797
827,0.2842,-0.3255
828,-0.5901,-0.1674
829,0.2595,0.1048
830,-0.161,-0.1907
831,-0.05156,0.159
832,0.1259,0.2462
833,0.06267,0.6317
834,-0.3268,-0.5012
835,-0.446,-0.4168
836,0.0456,-0.1479
837,-0.3101,-0.1945
838,-0.1855,0.1424
839,0.4049,-0.1889
840,0.5555,-0.1848
841,0.5514,-0.2029
842,-0.594,-0.1764
843,0.4886,-0.8872
844,0.2547,-0.6598
845,0.2985,-0.5595
846,-0.1667,-0.00798
847,0.3219,-0.6897
848,-0.1855,0.1721
849,0.2568,-0.04608
850,-0.06673,0.2059
851,0.6755,0.2964
852,-0.3547,0.4019
853,-0.5201,0.007261
854,-0.9545,0.7309
855,0.233,0.01258
856,-0.246,-0.5326
857,0.01246,0.2694
858,-0.3765,0.3215
859,0.1823,-0.02338
860,0.4223,-0.6181
861,0.2739,-0.1729
862,-0.2531,-0.0478
863,0.2194,-0.1266
864,-0.0787,-0.1764
865,-0.3078,0.06989
866,0.2067,-0.2894
867,0.1598,0.04901
868,0.2796,-0.1529
869,-0.3547,0.01189
870,-0.5137,-0.1162
871,-0.07502,0.3713
872,-0.5337,-0.5182
873,-0.001579,-0.3585
874,-0.09488,-0.1697
875,0.2377,0.06902
876,-0.07484,0.1903
877,0.4524,0.3399
878,0.2971,0.2481
879,-0.2911,0.001897
880,0.326,-0.3597
881,-0.7371,0.3832
882,-0.9709,-0.391
883,-0.1886,-0.3607
884,-0.4311,0.3244
885,0.2991,-0.251
886,-0.3133,0.3004
887,0.01561,0.4416
888,0.3115,0.3638
889,-0.1277,-0.1423
890,0.347,-0.3676
891,-0.2819,-0.4069
892,-0.2494,0.2373
893,0.002206,0.5302
894,0.3558,-0.146
895,0.1006,0.01159
896,0.2007,-0.6686
897,0.09829,-0.08529
898,-0.3785,-0.5109
899,-0.1937,0.2379
900,-0.212,-0.1247
901,-0.7791,-0.04195
902,0.2954,-0.03532
903,0.1567,-0.2204
904,-0.2156,-0.6897
905,-0.4649,0.4942
906,-0.4417,-0.45
907,-0.3272,-0.3348
908,-0.1766,-0.4461
909,0.3985,-0.5778
910,0.4118,-0.2133
911,-0.1303,0.589
912,-0.2396,-0.05253
913,-0.08058,0.3265
914,-0.04679,-0.2297
915,0.07743,-0.1783
916,0.3075,0.002694
917,0.08552,0.06924
918,-0.2146,-0.3894
919,0.1093,-0.02301
920,0.5641,-0.5363
921,-0.7623,0.1849
922,-0.371,0.02837
923,-0.07013,0.1788
924,0.1411,0.132
925,0.1722,0.2338
926,0.1063,-0.05901
927,-0.5512,0.463
928,0.1082,-0.2262
929,-0.5887,0.3566
930,0.1145,-0.5212
931,0.3964,-0.2502
932,0.3409,-0.34
933,-0.1941,-0.5127
934,-1.039,-0.1161
935,0.09273,0.3059
936,-0.8424,-0.54
937,0.01946,-0.5263
938,-0.6925,0.4774
939,-0.04031,-0.2516
940,0.0632,-0.1428
941,-0.2216,-0.158
942,-0.6813,0.1707
943,0.3885,-0.7634
944,-0.04636,-0.2037
945,-0.5575,0.4966
946,0.2786,-0.1023
947,0.1857,-0.1489
948,-0.5162,0.2187
949,0.2232,-0.9255
950,0.6058,0.1557
951,0.1562,0.3735
952,-0.4065,-0.3009
953,0.7993,-0.5233
954,-0.3252,-0.2324
955,-0.3052,-0.1076
956,0.2286,-0.3055
957,0.05681,0.02321
958,0.3182,-0.6791
959,-0.6044,0.2871
960,0.4701,-0.1696
961,0.1356,-0.5246
962,0.1401,-0.05776
963,0.1622,0.05009
964,0.2915,0.6874
965,-0.4387,-0.595
966,-0.1834,0.5177
967,-0.9067,0.3009
968,-0.1939,-0.1993
969,0.3075,-0.5171
970,0.007217,-0.4117
971,0.6897,0.1216
972,-0.1712,-0.06051
973,0.4514,-0.2972
974,0.4329,-0.2072
975,-0.4096,0.2823
976,0.3322,-0.03416
977,-0.4501,0.04232
978,-0.187,0.428
979,-0.3761,0.1345
980,-0.4132,-0.06701
981,0.02163,-0.1389
982,-0.032,0.09736
983,-0.004018,0.05555
984,1.007,-0.3439
985,-0.33,0.1549
986,0.1808,-0.6708
987,0.2424,0.1788
988,-0.2043,0.3903
989,-0.2823,0.2279
990,0.06508,0.454
991,-0.1622,0.1097
992,0.4004,0.5778
993,-0.5705,-0.2343
994,0.3199,-0.1895
995,-0.3291,0.3193
996,-0.4457,-0.2855
997,-0.1468,-0.2847
998,-0.5095,0.5445
999,0.1854,-0.5025
1000,-0.8345,-0.09403
1001,-0.1089,-0.2925
